1 0.5031725888324873 0.3638095238095238 0.03426395939086294 0.02666666666666667
1 0.5621827411167513 0.10904761904761905 0.027918781725888325 0.03333333333333333
1 0.41624365482233505 0.15571428571428572 0.023477157360406092 0.02666666666666667
0 0.5431472081218274 0.25952380952380955 0.024746192893401017 0.018095238095238095
0 0.3686548223350254 0.32285714285714284 0.03934010152284264 0.02857142857142857
1 0.4137055837563452 0.30333333333333334 0.04758883248730964 0.03380952380952381
1 0.4200507614213198 0.3504761904761905 0.024111675126903553 0.022857142857142857
1 0.36738578680203043 0.5266666666666666 0.03236040609137056 0.032857142857142856
0 0.557741116751269 0.8171428571428572 0.03236040609137056 0.023333333333333334
0 0.4847715736040609 0.8852380952380953 0.030456852791878174 0.025238095238095237
0 0.49555837563451777 0.8442857142857143 0.03299492385786802 0.03380952380952381
0 0.4029187817258883 0.8642857142857143 0.024746192893401017 0.01380952380952381
0 0.4460659898477157 0.8680952380952381 0.024746192893401017 0.017142857142857144
0 0.45114213197969544 0.840952380952381 0.02982233502538071 0.022857142857142857
0 0.40482233502538073 0.8404761904761905 0.02918781725888325 0.018095238095238095
0 0.35406091370558374 0.8376190476190476 0.025380710659898477 0.017142857142857144
0 0.4067258883248731 0.8033333333333333 0.03299492385786802 0.03
0 0.35088832487309646 0.800952380952381 0.03236040609137056 0.02238095238095238
0 0.4980964467005076 0.8119047619047619 0.03489847715736041 0.02619047619047619
0 0.49746192893401014 0.7819047619047619 0.03362944162436548 0.029047619047619048
0 0.45241116751269034 0.7719047619047619 0.04187817258883249 0.03428571428571429
0 0.40545685279187815 0.7666666666666667 0.0266497461928934 0.022857142857142857
0 0.45558375634517767 0.7314285714285714 0.03489847715736041 0.027142857142857142
0 0.40545685279187815 0.7333333333333333 0.025380710659898477 0.028095238095238097
0 0.3604060913705584 0.7280952380952381 0.02601522842639594 0.032857142857142856
0 0.5006345177664975 0.71 0.03807106598984772 0.034761904761904765
0 0.4536802030456853 0.7 0.03299492385786802 0.022857142857142857
0 0.4067258883248731 0.6961904761904761 0.031725888324873094 0.024285714285714285
0 0.5006345177664975 0.6771428571428572 0.03616751269035533 0.02761904761904762
0 0.49555837563451777 0.650952380952381 0.03934010152284264 0.02238095238095238
0 0.4993654822335025 0.6233333333333333 0.03934010152284264 0.030952380952380953
0 0.45558375634517767 0.6695238095238095 0.031091370558375634 0.027142857142857142
0 0.4517766497461929 0.638095238095238 0.03807106598984772 0.03380952380952381
0 0.40926395939086296 0.6680952380952381 0.02982233502538071 0.02761904761904762
0 0.4073604060913706 0.6366666666666667 0.028553299492385786 0.03190476190476191
0 0.4486040609137056 0.6076190476190476 0.031091370558375634 0.025714285714285714
0 0.40926395939086296 0.6014285714285714 0.030456852791878174 0.030476190476190476
0 0.36421319796954316 0.5985714285714285 0.03616751269035533 0.029523809523809525
0 0.5019035532994924 0.580952380952381 0.04314720812182741 0.032857142857142856
0 0.5019035532994924 0.5480952380952381 0.04631979695431472 0.03
0 0.4073604060913706 0.5676190476190476 0.03236040609137056 0.032857142857142856
0 0.36421319796954316 0.5704761904761905 0.03616751269035533 0.024285714285714285
0 0.4536802030456853 0.5676190476190476 0.03236040609137056 0.027142857142857142
0 0.5374365482233503 0.5047619047619047 0.02284263959390863 0.02619047619047619
0 0.5006345177664975 0.5066666666666667 0.03489847715736041 0.03428571428571429
0 0.45621827411167515 0.5361904761904762 0.023477157360406092 0.02857142857142857
0 0.45558375634517767 0.4976190476190476 0.031725888324873094 0.03619047619047619
0 0.40926395939086296 0.5071428571428571 0.03236040609137056 0.03428571428571429
0 0.3629441624365482 0.49714285714285716 0.030456852791878174 0.02142857142857143
0 0.3597715736040609 0.4704761904761905 0.041243654822335024 0.03142857142857143
0 0.5019035532994924 0.47 0.041243654822335024 0.034761904761904765
0 0.5025380710659898 0.4338095238095238 0.02918781725888325 0.029047619047619048
0 0.45748730964467005 0.42952380952380953 0.03299492385786802 0.030952380952380953
0 0.45558375634517767 0.4623809523809524 0.02728426395939086 0.022857142857142857
0 0.4137055837563452 0.4614285714285714 0.03236040609137056 0.02761904761904762
0 0.4098984771573604 0.43333333333333335 0.03362944162436548 0.023333333333333334
0 0.366751269035533 0.4266666666666667 0.03299492385786802 0.024761904761904763
0 0.5076142131979695 0.3980952380952381 0.038705583756345176 0.03619047619047619
0 0.45748730964467005 0.3980952380952381 0.03299492385786802 0.028095238095238097
0 0.4143401015228426 0.38904761904761903 0.028553299492385786 0.023809523809523808
0 0.36738578680203043 0.39285714285714285 0.03426395939086294 0.03238095238095238
0 0.4581218274111675 0.3576190476190476 0.03616751269035533 0.03380952380952381
0 0.4606598984771574 0.3223809523809524 0.03489847715736041 0.024285714285714285
0 0.5050761421319797 0.3314285714285714 0.03807106598984772 0.02761904761904762
0 0.501269035532995 0.30047619047619045 0.02918781725888325 0.02666666666666667
0 0.4612944162436548 0.2947619047619048 0.0266497461928934 0.025238095238095237
0 0.5050761421319797 0.26857142857142857 0.02728426395939086 0.03190476190476191
0 0.4651015228426396 0.26095238095238094 0.02728426395939086 0.027142857142857142
0 0.36611675126903553 0.2652380952380952 0.0399746192893401 0.03428571428571429
0 0.3686548223350254 0.2338095238095238 0.03680203045685279 0.028095238095238097
0 0.5076142131979695 0.23142857142857143 0.03934010152284264 0.03761904761904762
0 0.45748730964467005 0.22380952380952382 0.03426395939086294 0.02761904761904762
0 0.5044416243654822 0.19047619047619047 0.03362944162436548 0.023333333333333334
0 0.46256345177664976 0.18857142857142858 0.023477157360406092 0.023809523809523808
0 0.4206852791878173 0.20761904761904762 0.03616751269035533 0.03761904761904762
0 0.38515228426395937 0.19 0.025380710659898477 0.02619047619047619
0 0.5031725888324873 0.15619047619047619 0.03299492385786802 0.043333333333333335
0 0.45875634517766495 0.15285714285714286 0.021573604060913704 0.02095238095238095
0 0.3819796954314721 0.16095238095238096 0.030456852791878174 0.029523809523809525
0 0.5120558375634517 0.11523809523809524 0.028553299492385786 0.023333333333333334
0 0.5120558375634517 0.07904761904761905 0.028553299492385786 0.029047619047619048
0 0.5044416243654822 0.029523809523809525 0.022208121827411168 0.015714285714285715
0 0.467005076142132 0.11619047619047619 0.027918781725888325 0.02238095238095238
0 0.41878172588832485 0.12047619047619047 0.03236040609137056 0.03238095238095238
0 0.37119289340101524 0.11857142857142858 0.02918781725888325 0.018571428571428572
0 0.467005076142132 0.08190476190476191 0.03934010152284264 0.03190476190476191
0 0.4200507614213198 0.08238095238095237 0.03553299492385787 0.02666666666666667
0 0.37055837563451777 0.09142857142857143 0.03426395939086294 0.023333333333333334
0 0.407994923857868 0.037142857142857144 0.020939086294416244 0.01904761904761905
1 0.45241116751269034 0.8052380952380952 0.02601522842639594 0.019523809523809523
1 0.5475888324873096 0.7961904761904762 0.021573604060913704 0.017142857142857144
1 0.3604060913705584 0.7666666666666667 0.022208121827411168 0.02
1 0.4987309644670051 0.7466666666666667 0.03299492385786802 0.024285714285714285
1 0.3616751269035533 0.6647619047619048 0.021573604060913704 0.01904761904761905
1 0.3616751269035533 0.6271428571428571 0.024111675126903553 0.018571428571428572
1 0.3743654822335025 0.35714285714285715 0.023477157360406092 0.020476190476190478
1 0.5456852791878173 0.2804761904761905 0.021573604060913704 0.019523809523809523
1 0.4219543147208122 0.26142857142857145 0.03362944162436548 0.02666666666666667