0 0.33878968253968256 0.52744708994709 0.018353174603174604 0.025793650793650792
0 0.33556547619047616 0.5687830687830688 0.020089285714285716 0.028439153439153438
0 0.33581349206349204 0.6107804232804233 0.019345238095238096 0.025793650793650792
1 0.2204861111111111 0.5555555555555556 0.021825396825396824 0.026124338624338623
1 0.36755952380952384 0.6121031746031746 0.019593253968253968 0.022156084656084655
1 0.517609126984127 0.5466269841269841 0.026537698412698412 0.028439153439153438
1 0.48735119047619047 0.5426587301587301 0.022569444444444444 0.032407407407407406
1 0.8568948412698413 0.5773809523809523 0.030009920634920636 0.03141534391534392
0 0.8256448412698413 0.6607142857142857 0.02132936507936508 0.022817460317460316
0 0.8534226190476191 0.6633597883597884 0.017609126984126984 0.023148148148148147
0 0.8370535714285714 0.6408730158730159 0.014384920634920634 0.016865079365079364
0 0.8546626984126984 0.6187169312169312 0.026041666666666668 0.03207671957671958
0 0.8635912698412699 0.5396825396825397 0.017609126984126984 0.023478835978835978
0 0.8293650793650794 0.5396825396825397 0.03298611111111111 0.027447089947089946
0 0.8303571428571429 0.576058201058201 0.020833333333333332 0.0248015873015873
0 0.8035714285714286 0.5363756613756614 0.017609126984126984 0.01951058201058201
0 0.7986111111111112 0.5734126984126984 0.023313492063492064 0.027447089947089946
0 0.7358630952380952 0.611441798941799 0.018601190476190476 0.021825396825396824
0 0.7713293650793651 0.5317460317460317 0.021081349206349208 0.021494708994708994
0 0.7673611111111112 0.5707671957671958 0.01711309523809524 0.023809523809523808
0 0.7611607142857143 0.6121031746031746 0.031746031746031744 0.03670634920634921
0 0.7938988095238095 0.6170634920634921 0.024057539682539684 0.02976190476190476
0 0.7916666666666666 0.6567460317460317 0.017857142857142856 0.020833333333333332
0 0.7601686507936508 0.6511243386243386 0.024057539682539684 0.023148148148148147
0 0.7266865079365079 0.6498015873015873 0.028273809523809524 0.028439153439153438
0 0.7046130952380952 0.5208333333333334 0.030753968253968252 0.03273809523809524
0 0.7395833333333334 0.5257936507936508 0.016865079365079364 0.025793650793650792
0 0.7326388888888888 0.5687830687830688 0.022817460317460316 0.03373015873015873
0 0.7078373015873016 0.5714285714285714 0.023561507936507936 0.036375661375661374
0 0.7003968253968254 0.6038359788359788 0.021577380952380952 0.02017195767195767
0 0.6966765873015873 0.6458333333333334 0.0248015873015873 0.027116402116402115
0 0.6676587301587301 0.6412037037037037 0.02976190476190476 0.028769841269841268
0 0.669890873015873 0.6058201058201058 0.027281746031746032 0.03273809523809524
0 0.6706349206349206 0.5601851851851852 0.029265873015873016 0.02943121693121693
0 0.6770833333333334 0.5201719576719577 0.020337301587301588 0.027116402116402115
0 0.6436011904761905 0.5165343915343915 0.022817460317460316 0.03042328042328042
0 0.640625 0.5588624338624338 0.028769841269841268 0.03306878306878307
0 0.6398809523809523 0.5995370370370371 0.027281746031746032 0.027777777777777776
0 0.6371527777777778 0.6375661375661376 0.020089285714285716 0.027777777777777776
0 0.6135912698412699 0.6276455026455027 0.025297619047619048 0.028439153439153438
0 0.6108630952380952 0.5972222222222222 0.02132936507936508 0.026124338624338623
0 0.609375 0.5545634920634921 0.026537698412698412 0.027116402116402115
0 0.6155753968253969 0.5158730158730159 0.026537698412698412 0.027777777777777776
0 0.580109126984127 0.5476190476190477 0.02554563492063492 0.027777777777777776
0 0.5771329365079365 0.5909391534391535 0.027281746031746032 0.03207671957671958
0 0.5763888888888888 0.6309523809523809 0.0220734126984127 0.023478835978835978
0 0.5426587301587301 0.6312830687830688 0.023313492063492064 0.028439153439153438
0 0.5500992063492064 0.5906084656084656 0.022817460317460316 0.025793650793650792
0 0.5520833333333334 0.5095899470899471 0.020089285714285716 0.02414021164021164
0 0.5481150793650794 0.5499338624338624 0.0248015873015873 0.026785714285714284
0 0.5146329365079365 0.5033068783068783 0.024553571428571428 0.03306878306878307
0 0.4871031746031746 0.5033068783068783 0.027529761904761904 0.02943121693121693
0 0.5153769841269841 0.6243386243386243 0.021577380952380952 0.028439153439153438
0 0.5163690476190477 0.5853174603174603 0.02132936507936508 0.02943121693121693
0 0.486359126984127 0.5826719576719577 0.029265873015873016 0.03571428571428571
0 0.48660714285714285 0.6240079365079365 0.022817460317460316 0.020833333333333332
0 0.4558531746031746 0.6213624338624338 0.0220734126984127 0.026124338624338623
0 0.45610119047619047 0.5806878306878307 0.018353174603174604 0.022817460317460316
0 0.4573412698412698 0.5423280423280423 0.019593253968253968 0.021825396825396824
0 0.4625496031746032 0.5026455026455027 0.020089285714285716 0.021825396825396824
0 0.42931547619047616 0.49503968253968256 0.02132936507936508 0.027116402116402115
0 0.42683531746031744 0.5373677248677249 0.020833333333333332 0.02943121693121693
0 0.4246031746031746 0.5753968253968254 0.018105158730158732 0.02017195767195767
0 0.4270833333333333 0.6183862433862434 0.015625 0.01917989417989418
0 0.3970734126984127 0.6140873015873016 0.023561507936507936 0.023478835978835978
0 0.39459325396825395 0.5757275132275133 0.019593253968253968 0.027116402116402115
0 0.37003968253968256 0.5707671957671958 0.019593253968253968 0.026785714285714284
0 0.36755952380952384 0.5291005291005291 0.017609126984126984 0.023478835978835978
0 0.36755952380952384 0.4894179894179894 0.026537698412698412 0.03207671957671958
0 0.3958333333333333 0.49503968253968256 0.023561507936507936 0.03670634920634921
0 0.5823412698412699 0.503968253968254 0.026537698412698412 0.045965608465608467
0 0.12723214285714285 0.5866402116402116 0.0248015873015873 0.023478835978835978
0 0.15873015873015872 0.5912698412698413 0.021577380952380952 0.026124338624338623
0 0.1307043650793651 0.47023809523809523 0.022817460317460316 0.026785714285714284
0 0.13120039682539683 0.5102513227513228 0.017609126984126984 0.02513227513227513
0 0.13045634920634921 0.5505952380952381 0.018353174603174604 0.02447089947089947
0 0.1609623015873016 0.5509259259259259 0.018353174603174604 0.026785714285714284
0 0.16021825396825398 0.5132275132275133 0.022817460317460316 0.028439153439153438
0 0.15873015873015872 0.4738756613756614 0.027529761904761904 0.040013227513227514
0 0.19246031746031747 0.4738756613756614 0.019345238095238096 0.027116402116402115
0 0.1909722222222222 0.5145502645502645 0.019593253968253968 0.02943121693121693
0 0.18998015873015872 0.5545634920634921 0.02132936507936508 0.02447089947089947
0 0.1902281746031746 0.593584656084656 0.022817460317460316 0.02447089947089947
0 0.21825396825396826 0.5985449735449735 0.01314484126984127 0.017195767195767195
0 0.22098214285714285 0.5171957671957672 0.014384920634920634 0.01917989417989418
0 0.22271825396825398 0.4775132275132275 0.024553571428571428 0.03042328042328042
1 0.2524801587301587 0.48115079365079366 0.018849206349206348 0.03042328042328042
0 0.24553571428571427 0.521494708994709 0.019593253968253968 0.026124338624338623
0 0.24950396825396826 0.564484126984127 0.015625 0.021825396825396824
0 0.2442956349206349 0.6005291005291006 0.01711309523809524 0.018849206349206348
0 0.2743055555555556 0.6038359788359788 0.018353174603174604 0.02976190476190476
0 0.30431547619047616 0.6068121693121693 0.0220734126984127 0.028108465608465607
0 0.3023313492063492 0.5648148148148148 0.020833333333333332 0.026785714285714284
0 0.2767857142857143 0.5611772486772487 0.019593253968253968 0.023478835978835978
0 0.2775297619047619 0.5201719576719577 0.026537698412698412 0.02943121693121693
0 0.279265873015873 0.48412698412698413 0.024553571428571428 0.035383597883597885
0 0.30952380952380953 0.4861111111111111 0.023313492063492064 0.03273809523809524
0 0.30927579365079366 0.52744708994709 0.020089285714285716 0.02943121693121693
0 0.3368055555555556 0.48842592592592593 0.025297619047619048 0.035383597883597885
0 0.3970734126984127 0.53505291005291 0.022817460317460316 0.025793650793650792