0 0.5257936507936508 0.828125 0.027777777777777776 0.018105158730158732
0 0.4914021164021164 0.8323412698412699 0.027777777777777776 0.020833333333333332
0 0.5641534391534392 0.8551587301587301 0.02546296296296296 0.022321428571428572
0 0.6001984126984127 0.8576388888888888 0.027116402116402115 0.022817460317460316
1 0.5515873015873016 0.3757440476190476 0.03207671957671958 0.026785714285714284
1 0.5277777777777778 0.8603670634920635 0.036375661375661374 0.030753968253968252
0 0.4923941798941799 0.7740575396825397 0.026124338624338623 0.019593253968253968
0 0.5244708994708994 0.7512400793650794 0.028108465608465607 0.02058531746031746
1 0.5264550264550265 0.7256944444444444 0.027447089947089946 0.018353174603174604
1 0.5591931216931217 0.6708829365079365 0.026124338624338623 0.02058531746031746
0 0.5251322751322751 0.6723710317460317 0.02414021164021164 0.015625
1 0.48974867724867727 0.6220238095238095 0.02447089947089947 0.016121031746031748
1 0.4871031746031746 0.5947420634920635 0.027447089947089946 0.015376984126984126
1 0.48644179894179895 0.5414186507936508 0.018187830687830687 0.012648809523809524
1 0.5198412698412699 0.5141369047619048 0.022817460317460316 0.017609126984126984
1 0.5535714285714286 0.4868551587301587 0.023148148148148147 0.01711309523809524
0 0.4794973544973545 0.3787202380952381 0.021494708994708994 0.02058531746031746
0 0.5849867724867724 0.35267857142857145 0.018849206349206348 0.016121031746031748
0 0.5515873015873016 0.35193452380952384 0.028439153439153438 0.018849206349206348
0 0.513558201058201 0.3521825396825397 0.0248015873015873 0.019593253968253968
0 0.4791666666666667 0.3549107142857143 0.03207671957671958 0.015625
0 0.5922619047619048 0.32589285714285715 0.026455026455026454 0.017857142857142856
0 0.5539021164021164 0.32589285714285715 0.016865079365079364 0.012896825396825396
0 0.517526455026455 0.32663690476190477 0.030753968253968252 0.02058531746031746
0 0.4828042328042328 0.32862103174603174 0.01951058201058201 0.020833333333333332
0 0.4580026455026455 0.33407738095238093 0.023809523809523808 0.019593253968253968
0 0.48115079365079366 0.29985119047619047 0.016203703703703703 0.014632936507936508
0 0.5076058201058201 0.30158730158730157 0.031746031746031744 0.02554563492063492
0 0.5552248677248677 0.2978670634920635 0.023478835978835978 0.022817460317460316
0 0.5889550264550265 0.298859126984127 0.02447089947089947 0.024057539682539684
0 0.5863095238095238 0.26959325396825395 0.0248015873015873 0.020337301587301588
0 0.5482804232804233 0.2700892857142857 0.025793650793650792 0.018849206349206348
0 0.4837962962962963 0.2750496031746032 0.021825396825396824 0.017361111111111112
0 0.48644179894179895 0.25148809523809523 0.02414021164021164 0.015625
0 0.5089285714285714 0.24454365079365079 0.018187830687830687 0.015376984126984126
0 0.5390211640211641 0.2408234126984127 0.01984126984126984 0.012648809523809524
0 0.5856481481481481 0.2442956349206349 0.020833333333333332 0.021577380952380952
0 0.5843253968253969 0.21750992063492064 0.026124338624338623 0.0248015873015873
0 0.5426587301587301 0.2113095238095238 0.028108465608465607 0.024057539682539684
0 0.5115740740740741 0.2204861111111111 0.021164021164021163 0.020089285714285716
0 0.484457671957672 0.22569444444444445 0.01951058201058201 0.015128968253968254
1 0.5535714285714286 0.404265873015873 0.034722222222222224 0.023809523809523808
0 0.5889550264550265 0.3787202380952381 0.0248015873015873 0.016865079365079364
0 0.5181878306878307 0.37624007936507936 0.022817460317460316 0.017857142857142856
0 0.4887566137566138 0.859375 0.016534391534391533 0.012648809523809524
0 0.5181878306878307 0.40749007936507936 0.028439153439153438 0.022817460317460316
0 0.4742063492063492 0.40500992063492064 0.031084656084656083 0.018353174603174604
0 0.4794973544973545 0.42509920634920634 0.018849206349206348 0.01488095238095238
0 0.5198412698412699 0.43601190476190477 0.021494708994708994 0.010912698412698412
0 0.5529100529100529 0.4303075396825397 0.03207671957671958 0.022321428571428572
0 0.5892857142857143 0.4027777777777778 0.023478835978835978 0.024305555555555556
0 0.5889550264550265 0.43179563492063494 0.01917989417989418 0.020089285714285716
0 0.4818121693121693 0.4618055555555556 0.02513227513227513 0.016617063492063492
0 0.5171957671957672 0.45882936507936506 0.03207671957671958 0.01711309523809524
0 0.5565476190476191 0.5133928571428571 0.023809523809523808 0.03273809523809524
0 0.593584656084656 0.4548611111111111 0.03042328042328042 0.023065476190476192
0 0.591931216931217 0.47966269841269843 0.02414021164021164 0.023561507936507936
0 0.521494708994709 0.4853670634920635 0.016203703703703703 0.015376984126984126
0 0.48644179894179895 0.5141369047619048 0.017526455026455025 0.013392857142857142
0 0.5548941798941799 0.4603174603174603 0.026124338624338623 0.018105158730158732
0 0.4851190476190476 0.48561507936507936 0.01951058201058201 0.015128968253968254
0 0.5906084656084656 0.5109126984126984 0.020833333333333332 0.018353174603174604
0 0.5929232804232805 0.5329861111111112 0.027116402116402115 0.025049603174603176
0 0.5416666666666666 0.5486111111111112 0.012566137566137565 0.015128968253968254
0 0.5575396825396826 0.5421626984126984 0.020833333333333332 0.016865079365079364
0 0.5892857142857143 0.5612599206349206 0.03306878306878307 0.027281746031746032
0 0.593584656084656 0.5840773809523809 0.02546296296296296 0.018601190476190476
0 0.5568783068783069 0.5672123015873016 0.021494708994708994 0.017857142857142856
0 0.5205026455026455 0.5639880952380952 0.028439153439153438 0.023065476190476192
0 0.48908730158730157 0.5679563492063492 0.028439153439153438 0.01636904761904762
0 0.5205026455026455 0.5406746031746031 0.018187830687830687 0.01314484126984127
0 0.4930555555555556 0.5535714285714286 0.017195767195767195 0.011160714285714286
0 0.5558862433862434 0.5920138888888888 0.021494708994708994 0.017361111111111112
0 0.5191798941798942 0.5915178571428571 0.02513227513227513 0.015873015873015872
0 0.5211640211640212 0.6170634920634921 0.02447089947089947 0.017361111111111112
0 0.5545634920634921 0.6173115079365079 0.027116402116402115 0.016865079365079364
0 0.593584656084656 0.6173115079365079 0.027777777777777776 0.021081349206349208
0 0.5929232804232805 0.6440972222222222 0.022486772486772486 0.019593253968253968
0 0.5575396825396826 0.6460813492063492 0.015873015873015872 0.014632936507936508
0 0.5248015873015873 0.6458333333333334 0.021494708994708994 0.015873015873015872
0 0.484457671957672 0.6448412698412699 0.02976190476190476 0.01984126984126984
0 0.48842592592592593 0.675843253968254 0.018518518518518517 0.010168650793650794
0 0.5952380952380952 0.6721230158730159 0.026785714285714284 0.017609126984126984
0 0.5965608465608465 0.6932043650793651 0.03042328042328042 0.01984126984126984
0 0.5254629629629629 0.6949404761904762 0.027447089947089946 0.01984126984126984
0 0.5621693121693122 0.6981646825396826 0.023478835978835978 0.020337301587301588
0 0.4871031746031746 0.6994047619047619 0.018518518518518517 0.013392857142857142
0 0.4930555555555556 0.7242063492063492 0.01951058201058201 0.020833333333333332
0 0.5588624338624338 0.7247023809523809 0.027777777777777776 0.021577380952380952
0 0.5988756613756614 0.7239583333333334 0.028439153439153438 0.023561507936507936
0 0.5545634920634921 0.7512400793650794 0.027777777777777776 0.02058531746031746
0 0.595568783068783 0.7517361111111112 0.027116402116402115 0.021577380952380952
0 0.48908730158730157 0.7492559523809523 0.028769841269841268 0.02058531746031746
0 0.5261243386243386 0.7765376984126984 0.02447089947089947 0.022569444444444444
0 0.5615079365079365 0.7767857142857143 0.017857142857142856 0.020833333333333332
0 0.5906084656084656 0.7738095238095238 0.026455026455026454 0.01984126984126984
0 0.4904100529100529 0.8062996031746031 0.022486772486772486 0.018353174603174604
0 0.5224867724867724 0.8070436507936508 0.02546296296296296 0.022569444444444444
0 0.5634920634920635 0.8058035714285714 0.03009259259259259 0.01984126984126984
0 0.6011904761904762 0.8018353174603174 0.023148148148148147 0.02554563492063492
0 0.5638227513227513 0.8323412698412699 0.02017195767195767 0.020089285714285716
0 0.603505291005291 0.8311011904761905 0.027447089947089946 0.022817460317460316